C=153.938; % D=14cm
g=981;
al=0.5;
ao=0.8;

sl=0.4411;
so=0.3159;
